0 20.046492 13.623189 0
1 14.989173 13.531705 1
2 11.980213 13.432380 2
3 10.975643 13.384832 3
4 9.996591 13.327840 4
5 9.388771 13.285600 5
6 9.002340 13.255376 6
7 8.449476 13.206701 7
8 8.012173 13.162857 8
9 7.595107 13.115790 8
10 7.236276 13.070664 9
11 7.005417 13.038793 10
12 6.491598 12.958961 10
13 6.010757 12.870844 9
14 5.846614 12.837208 10
15 5.529766 12.766265 9
16 5.227581 12.690148 8
17 4.995934 12.625275 8
18 4.664518 12.520866 6
19 4.428034 12.436582 6
20 4.176835 12.336479 5
21 4.007945 12.262122 5
22 3.708774 12.114015 4
23 3.490861 11.990759 4
24 3.283033 11.858452 4
25 3.008131 11.657202 3
26 2.895785 11.564849 3
27 2.733143 11.419008 3
28 2.577290 11.263952 3
29 2.444226 11.117961 3
30 2.316111 10.963882 3
31 2.207926 10.822125 3
32 2.103270 10.673610 3
33 2.002028 10.518060 3
34 1.904090 10.355194 3
35 1.822689 10.209562 3
36 1.743571 10.058171 3
37 1.666670 9.900843 3
38 1.604235 9.765070 3
39 1.531239 9.596392 3
40 1.495512 9.509647 3
41 1.414098 9.300863 3
42 1.357577 9.146140 3
43 1.302378 8.986649 2
44 1.248473 8.822297 3
45 1.206258 8.687252 3
46 1.154603 8.513922 3
47 1.114151 8.371583 3
48 1.074458 8.225936 3
49 1.035510 8.076940 3
50 0.997294 7.924556 3
51 0.950531 7.729267 3
52 0.923001 7.609500 3
53 0.886897 7.446764 3
54 0.851471 7.280521 3
55 0.816710 7.110746 3
56 0.791068 6.981086 3
57 0.757441 6.805086 3
58 0.732636 6.670737 3
59 0.700106 6.488466 3
60 0.676110 6.349403 3
61 0.644642 6.160836 2
62 0.621429 6.017049 3
63 0.598543 5.871235 3
64 0.575981 5.723400 3
65 0.546392 5.523146 3
66 0.524566 5.370606 2
67 0.503048 5.216059 2
68 0.481833 5.059513 3
69 0.460918 4.900977 3
70 0.440298 4.740460 3
71 0.419969 4.577975 3
72 0.399927 4.413532 3
73 0.380168 4.247148 3
74 0.360688 4.078835 3
75 0.347854 3.965563 3
76 0.328830 3.794075 3
77 0.310074 3.620704 3
78 0.297718 3.504087 3
79 0.273353 3.268394 2
80 0.261343 3.149329 3
81 0.243540 2.969229 2
82 0.225988 2.787346 3
83 0.214425 2.665111 3
84 0.197284 2.480308 3
85 0.180385 2.293786 3
86 0.169252 2.168496 3
87 0.152749 1.979168 2
88 0.141876 1.852032 3
89 0.125759 1.659974 2
90 0.109870 1.466314 2
91 0.099402 1.336331 2
92 0.083884 1.140067 2
93 0.073661 1.008375 3
94 0.058507 0.809587 2
95 0.048524 0.676241 3
96 0.033724 0.475013 2
97 0.023974 0.340069 3
98 0.009522 0.136486 2
99 0.000000 0.000000 3
